order 9 3 
-1 -1 -1 -1 8 -1 -1 -1 -1
-1 -1 -1 -1 4 -1 -1 -1 -1
-1 5 -1 6 -1 0 -1 2 -1
-1 -1 -1 -1 -1 -1 -1 -1 -1
-1 -1 -1 -1 -1 -1 -1 -1 -1
-1 -1 -1 -1 -1 -1 -1 -1 -1
-1 8 -1 4 -1 5 -1 6 -1
-1 -1 -1 -1 0 -1 -1 -1 -1
-1 -1 -1 -1 7 -1 -1 -1 -1
-1 -1 -1 0 -1 3 -1 -1 -1
-1 -1 -1 -1 -1 -1 -1 -1 -1
-1 -1 6 -1 -1 -1 5 -1 -1
-1 -1 -1 4 2 6 -1 -1 -1
-1 -1 -1 -1 0 -1 -1 -1 -1
-1 -1 -1 8 7 1 -1 -1 -1
-1 -1 3 -1 -1 -1 4 -1 -1
-1 -1 -1 -1 -1 -1 -1 -1 -1
-1 -1 -1 1 -1 0 -1 -1 -1
6 -1 -1 -1 -1 -1 -1 -1 3
-1 -1 -1 -1 -1 -1 -1 -1 -1
-1 -1 2 -1 -1 -1 0 -1 -1
-1 -1 3 -1 -1 -1 4 -1 -1
-1 -1 -1 -1 -1 -1 -1 -1 -1
-1 -1 4 -1 -1 -1 8 -1 -1
-1 -1 6 -1 -1 -1 5 -1 -1
-1 -1 -1 -1 -1 -1 -1 -1 -1
8 -1 -1 -1 -1 -1 -1 -1 7
-1 5 6 8 -1 4 0 2 -1
-1 -1 -1 0 -1 7 -1 -1 -1
-1 -1 -1 -1 -1 -1 -1 -1 -1
-1 -1 -1 5 -1 1 -1 -1 -1
-1 -1 -1 4 -1 3 -1 -1 -1
-1 -1 -1 7 -1 2 -1 -1 -1
-1 -1 -1 -1 -1 -1 -1 -1 -1
-1 -1 -1 6 -1 5 -1 -1 -1
-1 1 5 3 -1 8 2 7 -1
7 -1 -1 -1 -1 -1 -1 -1 4
6 -1 -1 -1 -1 -1 -1 -1 2
-1 4 -1 -1 -1 -1 -1 1 -1
-1 -1 4 -1 7 -1 1 -1 -1
-1 -1 -1 1 -1 6 -1 -1 -1
-1 -1 6 -1 4 -1 2 -1 -1
-1 6 -1 -1 -1 -1 -1 2 -1
4 -1 -1 -1 -1 -1 -1 -1 1
0 -1 -1 -1 -1 -1 -1 -1 8
-1 3 4 2 -1 0 5 6 -1
-1 -1 -1 5 -1 1 -1 -1 -1
-1 -1 -1 -1 -1 -1 -1 -1 -1
-1 -1 -1 8 -1 4 -1 -1 -1
-1 -1 -1 0 -1 7 -1 -1 -1
-1 -1 -1 6 -1 5 -1 -1 -1
-1 -1 -1 -1 -1 -1 -1 -1 -1
-1 -1 -1 4 -1 3 -1 -1 -1
-1 4 8 7 -1 2 1 5 -1
0 -1 -1 -1 -1 -1 -1 -1 5
-1 -1 -1 -1 -1 -1 -1 -1 -1
-1 -1 3 -1 -1 -1 4 -1 -1
-1 -1 6 -1 -1 -1 5 -1 -1
-1 -1 -1 -1 -1 -1 -1 -1 -1
-1 -1 1 -1 -1 -1 6 -1 -1
-1 -1 7 -1 -1 -1 2 -1 -1
-1 -1 -1 -1 -1 -1 -1 -1 -1
1 -1 -1 -1 -1 -1 -1 -1 3
-1 -1 -1 7 -1 8 -1 -1 -1
-1 -1 -1 -1 -1 -1 -1 -1 -1
-1 -1 5 -1 -1 -1 1 -1 -1
-1 -1 -1 3 0 5 -1 -1 -1
-1 -1 -1 -1 7 -1 -1 -1 -1
-1 -1 -1 4 2 6 -1 -1 -1
-1 -1 8 -1 -1 -1 3 -1 -1
-1 -1 -1 -1 -1 -1 -1 -1 -1
-1 -1 -1 6 -1 7 -1 -1 -1
-1 -1 -1 -1 0 -1 -1 -1 -1
-1 -1 -1 -1 7 -1 -1 -1 -1
-1 8 -1 4 -1 1 -1 5 -1
-1 -1 -1 -1 -1 -1 -1 -1 -1
-1 -1 -1 -1 -1 -1 -1 -1 -1
-1 -1 -1 -1 -1 -1 -1 -1 -1
-1 2 -1 7 -1 8 -1 4 -1
-1 -1 -1 -1 5 -1 -1 -1 -1
-1 -1 -1 -1 1 -1 -1 -1 -1
