order 9 3 
-1 -1 8 -1 -1 -1 4 -1 -1
-1 -1 -1 -1 -1 -1 -1 -1 -1
-1 -1 -1 -1 -1 -1 -1 -1 -1
8 -1 -1 0 -1 3 -1 -1 2
5 -1 2 4 -1 1 0 -1 8
0 -1 -1 6 -1 2 -1 -1 5
-1 -1 -1 -1 -1 -1 -1 -1 -1
-1 -1 -1 -1 -1 -1 -1 -1 -1
-1 -1 5 -1 -1 -1 6 -1 -1
-1 -1 -1 -1 -1 -1 -1 -1 -1
-1 -1 -1 7 5 3 -1 -1 -1
-1 3 -1 -1 -1 -1 -1 6 -1
-1 -1 -1 -1 1 -1 -1 -1 -1
-1 -1 -1 -1 -1 -1 -1 -1 -1
-1 -1 -1 -1 4 -1 -1 -1 -1
-1 4 -1 -1 -1 -1 -1 1 -1
-1 -1 -1 1 3 2 -1 -1 -1
-1 -1 -1 -1 -1 -1 -1 -1 -1
-1 6 -1 5 -1 2 -1 7 -1
-1 -1 -1 0 1 8 -1 -1 -1
-1 -1 -1 -1 -1 -1 -1 -1 -1
-1 -1 -1 -1 -1 -1 -1 -1 -1
-1 -1 -1 -1 -1 -1 -1 -1 -1
-1 -1 -1 -1 -1 -1 -1 -1 -1
-1 -1 -1 -1 -1 -1 -1 -1 -1
-1 -1 -1 6 8 7 -1 -1 -1
-1 0 -1 2 -1 3 -1 4 -1
-1 -1 7 -1 0 -1 2 -1 -1
-1 -1 -1 6 -1 7 -1 -1 -1
-1 -1 6 -1 1 -1 5 -1 -1
7 -1 -1 -1 -1 -1 -1 -1 6
-1 -1 -1 -1 -1 -1 -1 -1 -1
6 -1 -1 -1 -1 -1 -1 -1 3
-1 -1 1 -1 5 -1 6 -1 -1
-1 -1 -1 3 -1 6 -1 -1 -1
-1 -1 3 -1 4 -1 8 -1 -1
-1 -1 0 -1 -1 -1 7 -1 -1
-1 -1 -1 -1 4 -1 -1 -1 -1
-1 2 -1 -1 -1 -1 -1 3 -1
-1 -1 -1 -1 8 -1 -1 -1 -1
-1 7 -1 0 1 3 -1 4 -1
-1 -1 -1 -1 7 -1 -1 -1 -1
-1 0 -1 -1 -1 -1 -1 8 -1
-1 -1 -1 -1 0 -1 -1 -1 -1
-1 -1 8 -1 -1 -1 4 -1 -1
-1 -1 2 -1 7 -1 0 -1 -1
-1 -1 -1 5 -1 2 -1 -1 -1
-1 -1 5 -1 6 -1 1 -1 -1
2 -1 -1 -1 -1 -1 -1 -1 5
-1 -1 -1 -1 -1 -1 -1 -1 -1
5 -1 -1 -1 -1 -1 -1 -1 4
-1 -1 6 -1 1 -1 5 -1 -1
-1 -1 -1 4 -1 5 -1 -1 -1
-1 -1 4 -1 8 -1 3 -1 -1
-1 0 -1 2 -1 4 -1 8 -1
-1 -1 -1 8 0 5 -1 -1 -1
-1 -1 -1 -1 -1 -1 -1 -1 -1
-1 -1 -1 -1 -1 -1 -1 -1 -1
-1 -1 -1 -1 -1 -1 -1 -1 -1
-1 -1 -1 -1 -1 -1 -1 -1 -1
-1 -1 -1 -1 -1 -1 -1 -1 -1
-1 -1 -1 7 1 8 -1 -1 -1
-1 8 -1 3 -1 6 -1 5 -1
-1 -1 -1 -1 -1 -1 -1 -1 -1
-1 -1 -1 4 2 6 -1 -1 -1
-1 6 -1 -1 -1 -1 -1 2 -1
-1 -1 -1 -1 0 -1 -1 -1 -1
-1 -1 -1 -1 -1 -1 -1 -1 -1
-1 -1 -1 -1 6 -1 -1 -1 -1
-1 1 -1 -1 -1 -1 -1 7 -1
-1 -1 -1 0 5 4 -1 -1 -1
-1 -1 -1 -1 -1 -1 -1 -1 -1
-1 -1 6 -1 -1 -1 1 -1 -1
-1 -1 -1 -1 -1 -1 -1 -1 -1
-1 -1 -1 -1 -1 -1 -1 -1 -1
1 -1 -1 8 -1 6 -1 -1 3
7 -1 8 5 -1 0 4 -1 1
3 -1 -1 7 -1 4 -1 -1 0
-1 -1 -1 -1 -1 -1 -1 -1 -1
-1 -1 -1 -1 -1 -1 -1 -1 -1
-1 -1 7 -1 -1 -1 2 -1 -1
