order 9 3 
-1 5 4 -1 -1 -1 0 1 -1
-1 1 -1 -1 -1 -1 -1 6 -1
-1 6 -1 -1 -1 -1 -1 5 -1
-1 4 -1 -1 -1 -1 -1 3 -1
-1 -1 -1 -1 -1 -1 -1 -1 -1
-1 8 -1 -1 -1 -1 -1 4 -1
-1 2 -1 -1 -1 -1 -1 7 -1
-1 0 -1 -1 -1 -1 -1 2 -1
-1 7 5 -1 -1 -1 4 0 -1
1 -1 -1 -1 -1 -1 -1 -1 7
-1 -1 -1 1 3 7 -1 -1 -1
-1 -1 -1 -1 -1 -1 -1 -1 -1
-1 -1 5 -1 -1 -1 8 -1 -1
-1 -1 -1 -1 0 -1 -1 -1 -1
-1 -1 6 -1 -1 -1 3 -1 -1
-1 -1 -1 -1 -1 -1 -1 -1 -1
-1 -1 -1 2 6 3 -1 -1 -1
2 -1 -1 -1 -1 -1 -1 -1 3
-1 -1 -1 -1 -1 -1 -1 -1 -1
-1 -1 -1 -1 -1 -1 -1 -1 -1
-1 -1 -1 4 -1 5 -1 -1 -1
-1 -1 8 -1 -1 -1 7 -1 -1
-1 -1 4 -1 1 -1 2 -1 -1
-1 -1 3 -1 -1 -1 0 -1 -1
-1 -1 -1 6 -1 2 -1 -1 -1
-1 -1 -1 -1 -1 -1 -1 -1 -1
-1 -1 -1 -1 -1 -1 -1 -1 -1
-1 -1 -1 -1 -1 -1 -1 -1 -1
-1 0 -1 5 -1 8 -1 2 -1
-1 -1 -1 -1 -1 -1 -1 -1 -1
-1 -1 2 -1 -1 -1 3 -1 -1
-1 -1 -1 -1 -1 -1 -1 -1 -1
-1 -1 1 -1 -1 -1 2 -1 -1
-1 -1 -1 -1 -1 -1 -1 -1 -1
-1 2 -1 6 -1 4 -1 7 -1
-1 -1 -1 -1 -1 -1 -1 -1 -1
-1 -1 1 -1 8 -1 2 -1 -1
-1 -1 -1 -1 -1 -1 -1 -1 -1
-1 -1 3 -1 -1 -1 5 -1 -1
-1 -1 -1 -1 3 -1 -1 -1 -1
3 -1 -1 4 5 7 -1 -1 2
-1 -1 -1 -1 0 -1 -1 -1 -1
-1 -1 5 -1 -1 -1 7 -1 -1
-1 -1 -1 -1 -1 -1 -1 -1 -1
-1 -1 8 -1 7 -1 6 -1 -1
-1 -1 -1 -1 -1 -1 -1 -1 -1
-1 3 -1 2 -1 1 -1 8 -1
-1 -1 -1 -1 -1 -1 -1 -1 -1
-1 -1 3 -1 -1 -1 6 -1 -1
-1 -1 -1 -1 -1 -1 -1 -1 -1
-1 -1 7 -1 -1 -1 4 -1 -1
-1 -1 -1 -1 -1 -1 -1 -1 -1
-1 8 -1 7 -1 5 -1 4 -1
-1 -1 -1 -1 -1 -1 -1 -1 -1
-1 -1 -1 -1 -1 -1 -1 -1 -1
-1 -1 -1 -1 -1 -1 -1 -1 -1
-1 -1 -1 2 -1 8 -1 -1 -1
-1 -1 7 -1 -1 -1 1 -1 -1
-1 -1 2 -1 3 -1 6 -1 -1
-1 -1 0 -1 -1 -1 5 -1 -1
-1 -1 -1 4 -1 1 -1 -1 -1
-1 -1 -1 -1 -1 -1 -1 -1 -1
-1 -1 -1 -1 -1 -1 -1 -1 -1
4 -1 -1 -1 -1 -1 -1 -1 1
-1 -1 -1 4 0 5 -1 -1 -1
-1 -1 -1 -1 -1 -1 -1 -1 -1
-1 -1 4 -1 -1 -1 2 -1 -1
-1 -1 -1 -1 6 -1 -1 -1 -1
-1 -1 8 -1 -1 -1 7 -1 -1
-1 -1 -1 -1 -1 -1 -1 -1 -1
-1 -1 -1 1 4 7 -1 -1 -1
5 -1 -1 -1 -1 -1 -1 -1 0
-1 8 0 -1 -1 -1 5 4 -1
-1 4 -1 -1 -1 -1 -1 3 -1
-1 3 -1 -1 -1 -1 -1 8 -1
-1 2 -1 -1 -1 -1 -1 7 -1
-1 -1 -1 -1 -1 -1 -1 -1 -1
-1 7 -1 -1 -1 -1 -1 0 -1
-1 5 -1 -1 -1 -1 -1 1 -1
-1 1 -1 -1 -1 -1 -1 6 -1
-1 6 3 -1 -1 -1 2 5 -1
