order 9 3 
-1 -1 -1 -1 2 -1 -1 -1 -1
1 -1 -1 -1 3 -1 -1 -1 7
-1 -1 -1 -1 -1 -1 -1 -1 -1
-1 -1 -1 -1 -1 -1 -1 -1 -1
-1 4 -1 8 -1 0 -1 7 -1
-1 -1 -1 -1 -1 -1 -1 -1 -1
-1 -1 -1 -1 -1 -1 -1 -1 -1
3 -1 -1 -1 0 -1 -1 -1 1
-1 -1 -1 -1 8 -1 -1 -1 -1
2 8 -1 3 -1 0 -1 7 4
-1 -1 -1 6 -1 4 -1 -1 -1
-1 -1 4 -1 -1 -1 3 -1 -1
-1 6 -1 -1 -1 -1 -1 3 -1
-1 -1 8 -1 -1 -1 4 -1 -1
-1 3 -1 -1 -1 -1 -1 0 -1
-1 -1 3 -1 -1 -1 8 -1 -1
-1 -1 -1 8 -1 7 -1 -1 -1
8 1 -1 5 -1 3 -1 4 6
5 0 -1 -1 -1 -1 -1 1 2
-1 4 -1 -1 -1 -1 -1 0 -1
8 -1 -1 -1 -1 -1 -1 -1 6
-1 -1 1 -1 -1 -1 6 -1 -1
-1 -1 -1 -1 -1 -1 -1 -1 -1
-1 -1 4 -1 -1 -1 3 -1 -1
4 -1 -1 -1 -1 -1 -1 -1 5
-1 7 -1 -1 -1 -1 -1 6 -1
2 3 -1 -1 -1 -1 -1 7 8
0 -1 -1 -1 -1 -1 -1 -1 3
-1 -1 -1 -1 -1 -1 -1 -1 -1
-1 -1 -1 3 -1 8 -1 -1 -1
3 -1 -1 0 -1 2 -1 -1 6
-1 -1 -1 -1 -1 -1 -1 -1 -1
2 -1 -1 6 -1 5 -1 -1 1
-1 -1 -1 8 -1 1 -1 -1 -1
-1 -1 -1 -1 -1 -1 -1 -1 -1
1 -1 -1 -1 -1 -1 -1 -1 4
3 -1 -1 -1 -1 -1 -1 -1 6
-1 -1 -1 -1 -1 -1 -1 -1 -1
-1 -1 -1 6 -1 5 -1 -1 -1
6 -1 -1 8 -1 1 -1 -1 7
-1 -1 -1 -1 -1 -1 -1 -1 -1
1 -1 -1 7 -1 0 -1 -1 4
-1 -1 -1 5 -1 4 -1 -1 -1
-1 -1 -1 -1 -1 -1 -1 -1 -1
4 -1 -1 -1 -1 -1 -1 -1 0
7 3 -1 -1 -1 -1 -1 0 8
-1 1 -1 -1 -1 -1 -1 3 -1
5 -1 -1 -1 -1 -1 -1 -1 2
-1 -1 7 -1 -1 -1 0 -1 -1
-1 -1 -1 -1 -1 -1 -1 -1 -1
-1 -1 1 -1 -1 -1 6 -1 -1
1 -1 -1 -1 -1 -1 -1 -1 0
-1 8 -1 -1 -1 -1 -1 7 -1
3 6 -1 -1 -1 -1 -1 8 5
1 2 -1 0 -1 5 -1 6 7
-1 -1 -1 3 -1 7 -1 -1 -1
-1 -1 7 -1 -1 -1 0 -1 -1
-1 3 -1 -1 -1 -1 -1 7 -1
-1 -1 0 -1 -1 -1 2 -1 -1
-1 7 -1 -1 -1 -1 -1 1 -1
-1 -1 2 -1 -1 -1 7 -1 -1
-1 -1 -1 7 -1 1 -1 -1 -1
7 4 -1 8 -1 2 -1 0 3
-1 -1 -1 -1 7 -1 -1 -1 -1
6 -1 -1 -1 4 -1 -1 -1 0
-1 -1 -1 -1 -1 -1 -1 -1 -1
-1 -1 -1 -1 -1 -1 -1 -1 -1
-1 8 -1 3 -1 2 -1 0 -1
-1 -1 -1 -1 -1 -1 -1 -1 -1
-1 -1 -1 -1 -1 -1 -1 -1 -1
4 -1 -1 -1 2 -1 -1 -1 6
-1 -1 -1 -1 3 -1 -1 -1 -1
