order 9 3 
5 1 -1 -1 -1 -1 -1 7 2
-1 -1 8 -1 -1 -1 6 -1 -1
-1 -1 -1 -1 -1 -1 -1 -1 -1
-1 -1 7 -1 -1 -1 3 -1 -1
-1 -1 1 4 -1 3 7 -1 -1
-1 -1 4 -1 -1 -1 1 -1 -1
-1 -1 -1 -1 -1 -1 -1 -1 -1
-1 -1 2 -1 -1 -1 8 -1 -1
1 6 -1 -1 -1 -1 -1 0 7
0 -1 2 -1 1 -1 3 -1 8
6 -1 -1 -1 8 -1 -1 -1 7
-1 -1 -1 -1 -1 -1 -1 -1 -1
-1 -1 -1 2 -1 7 -1 -1 -1
-1 -1 -1 -1 -1 -1 -1 -1 -1
-1 -1 -1 3 -1 8 -1 -1 -1
-1 -1 -1 -1 -1 -1 -1 -1 -1
3 -1 -1 -1 7 -1 -1 -1 1
2 -1 7 -1 6 -1 4 -1 3
-1 8 -1 -1 -1 -1 -1 1 -1
-1 -1 -1 -1 -1 -1 -1 -1 -1
1 -1 -1 -1 -1 -1 -1 -1 0
5 -1 -1 -1 -1 -1 -1 -1 7
3 4 8 7 -1 0 6 5 1
0 -1 -1 -1 -1 -1 -1 -1 3
7 -1 -1 -1 -1 -1 -1 -1 8
-1 -1 -1 -1 -1 -1 -1 -1 -1
-1 3 -1 -1 -1 -1 -1 6 -1
-1 -1 -1 -1 -1 -1 -1 -1 -1
-1 -1 -1 -1 -1 -1 -1 -1 -1
-1 -1 -1 -1 -1 -1 -1 -1 -1
-1 -1 -1 -1 -1 -1 -1 -1 -1
-1 -1 -1 8 -1 6 -1 -1 -1
-1 -1 -1 -1 -1 -1 -1 -1 -1
-1 -1 -1 -1 -1 -1 -1 -1 -1
-1 -1 -1 -1 -1 -1 -1 -1 -1
-1 -1 -1 -1 -1 -1 -1 -1 -1
-1 -1 -1 -1 -1 -1 -1 -1 -1
-1 -1 -1 -1 -1 -1 -1 -1 -1
-1 4 -1 -1 -1 -1 -1 0 -1
-1 7 -1 -1 -1 -1 -1 6 -1
-1 -1 -1 -1 -1 -1 -1 -1 -1
-1 2 -1 -1 -1 -1 -1 5 -1
-1 6 -1 -1 -1 -1 -1 8 -1
-1 -1 -1 -1 -1 -1 -1 -1 -1
-1 -1 -1 -1 -1 -1 -1 -1 -1
-1 -1 -1 -1 -1 -1 -1 -1 -1
-1 -1 -1 -1 -1 -1 -1 -1 -1
-1 -1 -1 -1 -1 -1 -1 -1 -1
-1 -1 -1 -1 -1 -1 -1 -1 -1
-1 -1 -1 2 -1 4 -1 -1 -1
-1 -1 -1 -1 -1 -1 -1 -1 -1
-1 -1 -1 -1 -1 -1 -1 -1 -1
-1 -1 -1 -1 -1 -1 -1 -1 -1
-1 -1 -1 -1 -1 -1 -1 -1 -1
-1 5 -1 -1 -1 -1 -1 0 -1
-1 -1 -1 -1 -1 -1 -1 -1 -1
0 -1 -1 -1 -1 -1 -1 -1 8
7 -1 -1 -1 -1 -1 -1 -1 4
1 6 5 3 -1 8 0 7 2
4 -1 -1 -1 -1 -1 -1 -1 6
3 -1 -1 -1 -1 -1 -1 -1 1
-1 -1 -1 -1 -1 -1 -1 -1 -1
-1 1 -1 -1 -1 -1 -1 2 -1
3 -1 8 -1 0 -1 6 -1 1
7 -1 -1 -1 6 -1 -1 -1 3
-1 -1 -1 -1 -1 -1 -1 -1 -1
-1 -1 -1 4 -1 3 -1 -1 -1
-1 -1 -1 -1 -1 -1 -1 -1 -1
-1 -1 -1 5 -1 6 -1 -1 -1
-1 -1 -1 -1 -1 -1 -1 -1 -1
1 -1 -1 -1 4 -1 -1 -1 7
4 -1 3 -1 2 -1 5 -1 6
2 0 -1 -1 -1 -1 -1 3 4
-1 -1 5 -1 -1 -1 7 -1 -1
-1 -1 -1 -1 -1 -1 -1 -1 -1
-1 -1 8 -1 -1 -1 6 -1 -1
-1 -1 2 1 -1 5 4 -1 -1
-1 -1 6 -1 -1 -1 2 -1 -1
-1 -1 -1 -1 -1 -1 -1 -1 -1
-1 -1 4 -1 -1 -1 1 -1 -1
7 2 -1 -1 -1 -1 -1 4 8
